10 19
0  0  0  0  0  0  0  0  0  0  0  0  0  0  0  0  0  0 2
31 31 31 31 0  0  1  1  0  1  1  0  1  1  0  1  1  0 2
31 31 31 31 0  0  21 1  0  1  1  0  1  1  0  1  1  0 2
0  0  0  0  0  0  21 1  0  1  1  0  1  1  0  1  1  0 2
32 32 32 32 0  0  0  0  0  0  0  0  0  0  0  0  0  0 2
32 32 32 32 0  0  0  0  0  0  0  0  0  0  0  0  0  0 2
0  0  0  0  0  0  25 1  0  1  1  0  1  1  0  1  1  0 2
33 33 33 33 0  0  25 1  0  1  1  0  1  1  0  1  1  0 2
33 33 33 33 0  0  25 1  0  1  1  0  1  1  0  1  1  0 2
0  0  0  0  0  0  0  0  0  0  0  0  0  0  0  0  0  0 2

