10 19
0  0  0  0  0  0  0  0  0  0  0  0  0  0  0  0  0  0  2
31 31 31 31 0  0  21 21 0  22 1  0  1  23 0  1  1  0  2
31 31 31 31 0  0  21 1  0  1  22 0  23 23 0  1  1  0  2
0  0  0  0  0  0  1  21 0  22 22 0  23 1  0  1  1  0  2
32 32 32 32 0  0  0  0  0  0  0  0  0  0  0  0  0  0  2
32 32 32 32 0  0  0  0  0  0  0  0  0  0  0  0  0  0  2
0  0  0  0  0  0  25 25 0  1  26 0  27 1  0  1  28 0  2
33 33 33 33 0  0  25 1  0  26 1  0  27 1  0  28 1  0  2
33 33 33 33 0  0  25 1  0  1  26 0  1  27 0  1  1  0  2
0  0  0  0  0  0  0  0  0  0  0  0  0  0  0  0  0  0  2