0	1	3	5
0	2	1	5
0	2	3	10
0	3	1	10
0	3	3	15
0	4	1	10
0	4	2	15
0	4	3	20
0	5	2	5
0	5	3	15
0	5	1	20
0	6	1	15
0	6	3	20
0	7	1	10
0	7	3	15
0	8	1	10
0	8	3	10
0	9	1	5
0	9	3	10
0	10	1	5
0	10	3	5
0	11	3	5
0	11	2	10
0	12	3	10
0	13	3	5
0	14	3	10
0	15	3	20
0	16	3	10
0	17	3	10
0	18	3	5
1	4	2	15
1	4	0	20
1	5	2	5
1	5	0	10
1	11	2	10
1	17	0	5
1	18	3	5
2	4	2	20
2	4	0	20
2	5	3	5
2	5	2	5
2	5	0	10
2	11	2	15
2	14	2	5
2	17	2	5
2	18	3	5
3	0	1	5
3	1	3	10
3	1	1	10
3	2	1	20
3	2	3	20
3	3	3	25
3	3	1	30
3	4	2	15
3	4	0	20
3	4	1	30
3	4	3	40
3	5	0	15
3	5	2	20
3	11	0	5
3	11	2	15
3	14	0	5
3	14	2	5
3	17	2	10
3	18	3	5
4	4	1	5
4	4	2	50
4	4	0	60
4	5	2	5
4	5	1	20
4	5	3	45
4	6	1	20
4	6	3	45
4	7	1	15
4	7	3	40
4	8	1	15
4	8	3	35
4	9	1	15
4	9	3	35
4	10	2	5
4	10	1	5
4	10	3	25
4	11	2	5
4	11	0	5
4	11	3	20
4	12	3	5
4	13	3	10
4	14	0	5
4	14	3	10
4	15	3	10
4	16	2	5
4	16	3	10
4	17	3	15
4	18	3	5
5	4	1	5
5	4	0	50
5	4	2	60
5	5	2	5
5	5	1	25
5	5	3	40
5	6	0	5
5	6	1	20
5	6	3	35
5	7	1	15
5	7	3	35
5	8	2	5
5	8	1	10
5	8	3	30
5	9	1	5
5	9	0	10
5	9	3	20
5	10	1	5
5	10	3	25
5	11	2	5
5	11	1	10
5	11	3	20
5	12	1	5
5	12	3	15
5	13	1	5
5	13	3	15
5	14	2	5
5	14	3	10
5	15	3	5
5	16	3	5
6	0	1	10
6	1	-1	-5
6	1	3	10
6	1	1	20
6	2	3	20
6	2	1	30
6	3	3	30
6	3	1	40
6	4	2	20
6	4	0	20
6	4	1	35
6	4	3	50
6	5	3	5
6	5	2	15
6	5	0	25
6	8	2	5
6	8	0	10
6	11	2	5
6	11	0	10
6	14	2	5
6	14	0	5
7	4	0	10
7	4	2	20
7	5	0	10
7	5	2	15
7	8	0	10
7	11	2	5
7	11	0	10
7	14	0	5
8	4	0	15
8	4	2	20
8	5	0	5
8	5	2	15
8	8	0	5
8	11	2	5
8	11	0	10
9	1	1	5
9	1	3	5
9	2	3	10
9	2	1	10
9	3	3	15
9	3	1	15
9	4	1	15
9	4	0	15
9	4	3	20
9	5	0	5
9	5	3	15
9	5	1	25
9	6	3	15
9	6	1	20
9	7	3	10
9	7	1	20
9	8	0	5
9	8	3	10
9	8	1	15
9	9	3	10
9	9	1	15
9	10	1	10
9	10	3	10
9	11	1	5
9	11	3	5
9	11	0	10
9	12	1	5
9	12	3	5
9	13	3	5
